10 30
3 4 2 -40 150 -44 162 
2 5 2 -40 25 -90 34 
0 9 2 -7 156 -23 12 
3 8 2 -62 193 -61 25 
1 7 2 -61 126 -76 108 
6 8 2 -91 102 -90 32 
9 9 2 -57 127 -25 168 
1 9 2 -58 -43 -67 33 
4 6 2 -58 70 -68 6 
6 9 2 -73 150 -17 7 
0 1 2 3 68 -59 164 
0 4 2 75 158 -12 119 
3 9 2 -28 133 -84 155 
0 8 2 31 74 -66 107 
2 8 2 -39 145 -46 136 
1 3 2 -86 143 -67 117 
0 3 2 -23 90 -47 84 
4 7 2 -96 -50 -94 -10 
5 5 2 -44 175 -29 192 
2 6 2 -34 99 -58 119 
0 5 2 -90 159 -74 84 
0 6 2 -12 180 -12 129 
2 9 2 -69 6 -76 5 
1 4 2 -63 53 -4 162 
4 9 2 -75 17 -65 184 
1 8 2 -79 138 -40 23 
6 7 2 -29 50 -38 42 
4 5 2 -66 30 -92 172 
0 7 2 -32 34 -6 90 
2 4 2 -54 195 -51 186 
